{
  "aws_400": "2026-06-01T01:48:46.169934",
  "aws_401": "2026-06-01T01:48:46.170238",
  "aws_403": "2026-06-01T01:48:46.170466",
  "aws_404": "2026-06-01T01:48:46.170657",
  "aws_409": "2026-06-01T01:48:46.170836",
  "aws_422": "2026-06-01T01:48:46.171014",
  "aws_429": "2026-06-01T01:48:46.171204",
  "aws_500": "2026-06-01T01:48:46.171369",
  "aws_502": "2026-06-01T01:48:46.171555",
  "aws_503": "2026-06-01T01:48:46.171764",
  "aws_504": "2026-06-01T01:48:46.171946",
  "azure_400": "2026-06-01T01:48:46.172148",
  "azure_401": "2026-06-01T01:48:46.172355",
  "azure_403": "2026-06-01T01:48:46.172550",
  "azure_404": "2026-06-01T01:48:46.172723",
  "docker_400": "2026-06-01T01:48:46.172935",
  "docker_401": "2026-06-01T01:48:46.173143",
  "docker_403": "2026-06-01T01:48:46.173347",
  "docker_404": "2026-06-01T01:48:46.173522",
  "docker_408": "2026-06-01T01:48:46.173705",
  "docker_409": "2026-06-01T01:48:46.173871",
  "docker_422": "2026-06-01T01:48:46.174065",
  "docker_429": "2026-06-01T01:48:46.174256",
  "docker_500": "2026-06-01T01:48:46.174453",
  "docker_502": "2026-06-01T01:48:46.174647",
  "docker_503": "2026-06-01T01:48:46.174838",
  "docker_504": "2026-06-01T01:48:46.175055",
  "docker_compose_400": "2026-06-01T01:48:46.175231",
  "docker_compose_401": "2026-06-01T01:48:46.175386",
  "docker_compose_403": "2026-06-01T01:48:46.175577",
  "docker_compose_404": "2026-06-01T01:48:46.175749",
  "docker_compose_409": "2026-06-01T01:48:46.175920",
  "docker_compose_500": "2026-06-01T01:48:46.176134",
  "docker_compose_503": "2026-06-01T01:48:46.176336",
  "docker_compose_env_utf16_bom_windows": "2026-06-01T01:48:46.176517",
  "firebase_400": "2026-06-01T01:48:46.176731",
  "firebase_401": "2026-06-01T01:48:46.176924",
  "firebase_403": "2026-06-01T01:48:46.177131",
  "firebase_404": "2026-06-01T01:48:46.177317",
  "firebase_408": "2026-06-01T01:48:46.177497",
  "firebase_409": "2026-06-01T01:48:46.177715",
  "firebase_422": "2026-06-01T01:48:46.177909",
  "firebase_429": "2026-06-01T01:48:46.178103",
  "firebase_500": "2026-06-01T01:48:46.178296",
  "firebase_502": "2026-06-01T01:48:46.178485",
  "firebase_503": "2026-06-01T01:48:46.178665",
  "firebase_504": "2026-06-01T01:48:46.178844",
  "gcp_400": "2026-06-01T01:48:46.179002",
  "gcp_401": "2026-06-01T01:48:46.179173",
  "gcp_403": "2026-06-01T01:48:46.179329",
  "gcp_404": "2026-06-01T01:48:46.179492",
  "gcp_429": "2026-06-01T01:48:46.179667",
  "gcp_500": "2026-06-01T01:48:46.179840",
  "gcp_503": "2026-06-01T01:48:46.180011",
  "gemini_api_429_resource_exhausted_free_tier": "2026-06-01T01:48:46.180214",
  "github_api_400": "2026-06-01T01:48:46.180416",
  "github_api_401": "2026-06-01T01:48:46.180623",
  "github_api_403": "2026-06-01T01:48:46.180838",
  "github_api_404": "2026-06-01T01:48:46.181053",
  "github_api_409": "2026-06-01T01:48:46.181245",
  "github_api_422": "2026-06-01T01:48:46.181450",
  "github_api_429": "2026-06-01T01:48:46.181655",
  "github_api_500": "2026-06-01T01:48:46.181854",
  "github_api_502": "2026-06-01T01:48:46.182058",
  "github_api_503": "2026-06-01T01:48:46.182256",
  "github_api_504": "2026-06-01T01:48:46.182465",
  "hugo_papermod_schema_date": "2026-06-01T01:48:46.182636",
  "kubernetes_400": "2026-06-01T01:48:46.182834",
  "kubernetes_401": "2026-06-01T01:48:46.183041",
  "kubernetes_403": "2026-06-01T01:48:46.183237",
  "kubernetes_404": "2026-06-01T01:48:46.183422",
  "kubernetes_500": "2026-06-01T01:48:46.183618",
  "kubernetes_503": "2026-06-01T01:48:46.183803",
  "minikube_400": "2026-06-01T01:48:46.183970",
  "minikube_401": "2026-06-01T01:48:46.184149",
  "minikube_403": "2026-06-01T01:48:46.184325",
  "minikube_404": "2026-06-01T01:48:46.184497",
  "minikube_500": "2026-06-01T01:48:46.184665",
  "minikube_503": "2026-06-01T01:48:46.184824",
  "nginx_400": "2026-06-01T01:48:46.185013",
  "nginx_403": "2026-06-01T01:48:46.185222",
  "nginx_404": "2026-06-01T01:48:46.185396",
  "nginx_500": "2026-06-01T01:48:46.185588",
  "nginx_502": "2026-06-01T01:48:46.185775",
  "nginx_503": "2026-06-01T01:48:46.185960",
  "nginx_504": "2026-06-01T01:48:46.186171",
  "openai_api_400": "2026-06-01T01:48:46.186374",
  "openai_api_401": "2026-06-01T01:48:46.186577",
  "openai_api_403": "2026-06-01T01:48:46.186779",
  "openai_api_404": "2026-06-01T01:48:46.186966",
  "openai_api_409": "2026-06-01T01:48:46.187144",
  "openai_api_422": "2026-06-01T01:48:46.187316",
  "openai_api_429": "2026-06-01T01:48:46.187509",
  "openai_api_500": "2026-06-01T01:48:46.187696",
  "openai_api_502": "2026-06-01T01:48:46.187903",
  "openai_api_503": "2026-06-01T01:48:46.188124",
  "podman_400": "2026-06-01T01:48:46.188295",
  "podman_401": "2026-06-01T01:48:46.188467",
  "podman_403": "2026-06-01T01:48:46.188641",
  "podman_404": "2026-06-01T01:48:46.188797",
  "podman_500": "2026-06-01T01:48:46.188956",
  "podman_503": "2026-06-01T01:48:46.189138",
  "slack_400": "2026-06-01T01:48:46.189326",
  "slack_401": "2026-06-01T01:48:46.189494",
  "slack_403": "2026-06-01T01:48:46.189654",
  "slack_404": "2026-06-01T01:48:46.189806",
  "slack_429": "2026-06-01T01:48:46.189986",
  "slack_500": "2026-06-01T01:48:46.190157",
  "stripe_400": "2026-06-01T01:48:46.190355",
  "stripe_401": "2026-06-01T01:48:46.190529",
  "stripe_402": "2026-06-01T01:48:46.190693",
  "stripe_403": "2026-06-01T01:48:46.190886",
  "stripe_404": "2026-06-01T01:48:46.191072",
  "stripe_429": "2026-06-01T01:48:46.191265",
  "stripe_500": "2026-06-01T01:48:46.191442",
  "tool_slack": "2026-06-01T01:48:46.191595"
}